values: (0.2747891770937262, 0.2747891770937262)
requested: 3
executed: 3
