k=0 0.25 0.125
k=1 0.083333 0.125
k=2 0.083333 0.125
k=3 0.25 0.125
