Shapley: [0.3333333333333333, 0.3333333333333333, 0.3333333333333333]
Banzhaf: [0.5, 0.5, 0.5]
